001415 1.0670
001429 1.0940
001455 0.9550
001458 1.1405
001459 0.8740
001466 1.1166
001467 1.0895
001469 1.1385
001477 0.7153
001478 0.7808
001481 0.0731
001483 0.8745
001492 1.1046
001516 1.0216
001517 1.0580
001526 0.6172
001527 0.5514
001529 0.5906
001533 1.0976
001545 1.0220
001546 1.0041
001550 1.1763
001551 1.1609
001552 0.9689
001553 0.9558
001554 0.5526
001555 0.5484
001560 0.5271
001561 0.5226
001565 0.7794
001568 0.9680
001571 1.0935
001572 1.0627
001575 0.9157
001578 1.1607
001582 1.0680
001586 0.9879
001587 0.9801
001590 0.5821
001591 0.5773
001599 0.6992
001600 0.6933
001611 0.4504
001612 0.4470
001614 1.1121
001619 1.0337
001621 0.4432
001622 1.0592
001624 0.8742
001625 0.9358
001627 1.0460
001629 0.9284
001630 0.9164
001639 1.0770
001649 0.7490
001661 1.0449
001666 0.6318
001669 0.5981
001670 1.0676
001680 0.8460
001697 0.3115
001698 0.3772
001699 0.5054
001700 1.1114
001713 0.7035
001723 0.8190
001729 0.9700
001730 1.1300
001738 1.0333
001744 1.0390
001751 1.1680
001752 1.1410
001754 0.8502
001757 1.1110
001776 1.0276
001777 0.9554
001778 0.8726
001779 1.0570
001783 1.0094
001784 1.0110
001787 0.4101
001788 0.4729
001791 0.8970
001792 0.8580
001794 1.0125
001797 0.9660
